-7.677193450927734375e+01
-7.675395202636718750e+01
-7.673596191406250000e+01
-7.671797180175781250e+01
-7.669998168945312500e+01
-7.668199157714843750e+01
-7.666400146484375000e+01
-7.664601135253906250e+01
-7.662802124023437500e+01
-7.661003112792968750e+01
-7.659204864501953125e+01
-7.657405853271484375e+01
-7.655606842041015625e+01
-7.653807830810546875e+01
-7.652008819580078125e+01
-7.650209808349609375e+01
-7.648410797119140625e+01
-7.646611785888671875e+01
-7.644812774658203125e+01
-7.643014526367187500e+01
-7.641215515136718750e+01
-7.639416503906250000e+01
-7.637617492675781250e+01
-7.635818481445312500e+01
-7.634019470214843750e+01
-7.632220458984375000e+01
-7.630421447753906250e+01
-7.628623199462890625e+01
-7.626824188232421875e+01
-7.625025177001953125e+01
-7.623226165771484375e+01
-7.621427154541015625e+01
-7.619628143310546875e+01
-7.617829132080078125e+01
-7.616030120849609375e+01
-7.614231109619140625e+01
-7.612432861328125000e+01
-7.610633850097656250e+01
-7.608834838867187500e+01
-7.607035827636718750e+01
-7.605236816406250000e+01
-7.603437805175781250e+01
-7.601638793945312500e+01
-7.599839782714843750e+01
-7.598040771484375000e+01
-7.596242523193359375e+01
-7.594443511962890625e+01
-7.592644500732421875e+01
-7.590845489501953125e+01
-7.589046478271484375e+01
-7.587247467041015625e+01
-7.585448455810546875e+01
-7.583649444580078125e+01
-7.581850433349609375e+01
-7.580052185058593750e+01
-7.578253173828125000e+01
-7.576454162597656250e+01
-7.574655151367187500e+01
-7.572856140136718750e+01
-7.571057128906250000e+01
-7.569258117675781250e+01
-7.567459106445312500e+01
-7.565660095214843750e+01
-7.563861846923828125e+01
-7.562062835693359375e+01
-7.560263824462890625e+01
-7.558464813232421875e+01
-7.556665802001953125e+01
-7.554866790771484375e+01
-7.553067779541015625e+01
-7.551268768310546875e+01
-7.549469757080078125e+01
-7.547671508789062500e+01
-7.545872497558593750e+01
-7.544073486328125000e+01
-7.542274475097656250e+01
-7.540475463867187500e+01
-7.538676452636718750e+01
-7.536877441406250000e+01
-7.535078430175781250e+01
-7.533279418945312500e+01
-7.531481170654296875e+01
-7.529682159423828125e+01
-7.527883148193359375e+01
-7.526084136962890625e+01
-7.524285125732421875e+01
-7.522486114501953125e+01
-7.520687103271484375e+01
-7.518888092041015625e+01
-7.517089080810546875e+01
-7.515290832519531250e+01
-7.513491821289062500e+01
-7.511692810058593750e+01
-7.509893798828125000e+01
-7.508094787597656250e+01
-7.506295776367187500e+01
-7.504496765136718750e+01
-7.502697753906250000e+01
-7.500898742675781250e+01
-7.499100494384765625e+01
-7.497301483154296875e+01
-7.495502471923828125e+01
-7.493703460693359375e+01
-7.491904449462890625e+01
-7.490105438232421875e+01
-7.488306427001953125e+01
-7.486507415771484375e+01
-7.484708404541015625e+01
-7.482910156250000000e+01
-7.481111145019531250e+01
-7.479312133789062500e+01
-7.477513122558593750e+01
-7.475714111328125000e+01
-7.473915100097656250e+01
-7.472116088867187500e+01
-7.470317077636718750e+01
-7.468518829345703125e+01
-7.466719818115234375e+01
-7.464920806884765625e+01
-7.463121795654296875e+01
-7.461322784423828125e+01
-7.459523773193359375e+01
-7.457724761962890625e+01
-7.455925750732421875e+01
-7.454126739501953125e+01
-7.452328491210937500e+01
-7.450529479980468750e+01
-7.448730468750000000e+01
-7.446931457519531250e+01
-7.445132446289062500e+01
-7.443333435058593750e+01
-7.441534423828125000e+01
-7.439735412597656250e+01
-7.437936401367187500e+01
-7.436138153076171875e+01
