2.467365646362304688e+01
2.317930984497070312e+01
2.385758972167968750e+01
2.317930984497070312e+01
2.657024765014648438e+01
4.139478302001953125e+01
5.718748474121093750e+01
9.783528900146484375e+01
1.431790771484375000e+02
1.994705810546875000e+02
3.258789062500000000e+02
5.714235839843750000e+02
7.936580810546875000e+02
9.019730224609375000e+02
8.780345458984375000e+02
7.243067626953125000e+02
5.498499755859375000e+02
4.784880676269531250e+02
5.037312011718750000e+02
5.791692504882812500e+02
6.849998779296875000e+02
7.773077392578125000e+02
8.253331298828125000e+02
9.276621704101562500e+02
1.228051757812500000e+03
1.709229614257812500e+03
2.207420898437500000e+03
2.565479492187500000e+03
2.736181640625000000e+03
2.795387939453125000e+03
2.782126953125000000e+03
2.684895019531250000e+03
2.499252441406250000e+03
2.201250488281250000e+03
1.946948486328125000e+03
1.895878173828125000e+03
1.942787109375000000e+03
2.041560546875000000e+03
2.271401367187500000e+03
2.611315429687500000e+03
2.792882080078125000e+03
2.599606933593750000e+03
2.263722167968750000e+03
2.075123046875000000e+03
2.045345947265625000e+03
2.000523925781250000e+03
1.803483276367187500e+03
1.454623779296875000e+03
1.104562866210937500e+03
9.423192749023437500e+02
7.873505859375000000e+02
5.469908447265625000e+02
6.639812011718750000e+02
1.156755371093750000e+03
1.472952758789062500e+03
1.561947265625000000e+03
1.684212036132812500e+03
1.934810546875000000e+03
2.282738281250000000e+03
2.583598144531250000e+03
2.737015625000000000e+03
2.578740722656250000e+03
2.213735107421875000e+03
1.926018554687500000e+03
1.725484863281250000e+03
1.572828735351562500e+03
1.496460205078125000e+03
1.559668945312500000e+03
1.801758789062500000e+03
2.118122070312500000e+03
2.345642578125000000e+03
2.442403320312500000e+03
2.394550781250000000e+03
2.228054931640625000e+03
2.181028808593750000e+03
2.311576171875000000e+03
2.353794921875000000e+03
2.259142089843750000e+03
2.179808593750000000e+03
2.166732910156250000e+03
2.138283691406250000e+03
2.064127441406250000e+03
2.044700927734375000e+03
2.050829101562500000e+03
1.985090942382812500e+03
1.891766601562500000e+03
1.839607421875000000e+03
1.825423583984375000e+03
1.811174804687500000e+03
1.828130615234375000e+03
1.851983886718750000e+03
1.737300781250000000e+03
1.509684814453125000e+03
1.386594970703125000e+03
1.437990966796875000e+03
1.417531005859375000e+03
1.273441162109375000e+03
1.198448730468750000e+03
1.197293334960937500e+03
1.206240722656250000e+03
1.158923339843750000e+03
1.046050292968750000e+03
9.440971069335937500e+02
8.976175537109375000e+02
8.946040039062500000e+02
9.044945068359375000e+02
9.186726074218750000e+02
9.262227172851562500e+02
8.974846191406250000e+02
8.092978515625000000e+02
6.539661865234375000e+02
4.719426574707031250e+02
3.701652221679687500e+02
3.378294067382812500e+02
2.955297241210937500e+02
2.768167419433593750e+02
2.660521850585937500e+02
2.420028686523437500e+02
2.464066467285156250e+02
2.389414062500000000e+02
1.955984649658203125e+02
1.611130676269531250e+02
1.427071380615234375e+02
1.197127380371093750e+02
9.955419921875000000e+01
9.936904144287109375e+01
1.078926925659179688e+02
1.138852844238281250e+02
1.140127258300781250e+02
1.136727828979492188e+02
1.181226043701171875e+02
1.219890441894531250e+02
1.255949401855468750e+02
1.289513549804687500e+02
1.319959106445312500e+02
