2.115727233886718750e+01
1.690784072875976562e+01
1.690784072875976562e+01
1.887398147583007812e+01
2.135171127319335938e+01
2.692611312866210938e+01
3.362923431396484375e+01
4.288184738159179688e+01
5.356608581542968750e+01
7.034881591796875000e+01
8.677664947509765625e+01
9.129523468017578125e+01
9.622550201416015625e+01
1.287253112792968750e+02
2.091776733398437500e+02
3.704444885253906250e+02
5.685560913085937500e+02
6.782579345703125000e+02
7.028666992187500000e+02
7.405627441406250000e+02
8.243398437500000000e+02
9.300579223632812500e+02
1.047138671875000000e+03
1.195992797851562500e+03
1.411166137695312500e+03
1.713304931640625000e+03
2.050525146484375000e+03
2.322937011718750000e+03
2.553133789062500000e+03
2.835428222656250000e+03
2.974640136718750000e+03
2.724809082031250000e+03
2.308742187500000000e+03
2.082278320312500000e+03
2.058091796875000000e+03
2.070465576171875000e+03
2.078642822265625000e+03
2.100417968750000000e+03
2.112098632812500000e+03
2.191562011718750000e+03
2.344887695312500000e+03
2.292688964843750000e+03
1.992612792968750000e+03
1.737419189453125000e+03
1.592507568359375000e+03
1.450719970703125000e+03
1.286033691406250000e+03
1.190908325195312500e+03
1.246585449218750000e+03
1.309458496093750000e+03
1.021482666015625000e+03
5.487757568359375000e+02
5.382268066406250000e+02
8.747429199218750000e+02
1.146454101562500000e+03
1.362776367187500000e+03
1.529475708007812500e+03
1.652341430664062500e+03
1.814674804687500000e+03
2.090087890625000000e+03
2.358466308593750000e+03
2.339482666015625000e+03
2.101765136718750000e+03
1.967180664062500000e+03
1.863137451171875000e+03
1.645924438476562500e+03
1.521890625000000000e+03
1.609686279296875000e+03
1.909779052734375000e+03
2.312949218750000000e+03
2.559625488281250000e+03
2.587371826171875000e+03
2.488550781250000000e+03
2.320236328125000000e+03
2.165782226562500000e+03
2.095190429687500000e+03
2.082793945312500000e+03
2.079605468750000000e+03
2.057988769531250000e+03
2.040096313476562500e+03
2.068640136718750000e+03
2.116445312500000000e+03
2.140400390625000000e+03
2.155711914062500000e+03
2.168621093750000000e+03
2.156311035156250000e+03
2.131768554687500000e+03
2.119205078125000000e+03
2.124489013671875000e+03
2.149778808593750000e+03
2.169532470703125000e+03
2.166547119140625000e+03
2.161781982421875000e+03
2.163159179687500000e+03
2.133141113281250000e+03
1.948871215820312500e+03
1.613090698242187500e+03
1.322161376953125000e+03
1.175471191406250000e+03
1.152674682617187500e+03
1.166388427734375000e+03
1.156290771484375000e+03
1.127737670898437500e+03
1.082717285156250000e+03
1.047332031250000000e+03
1.024556274414062500e+03
9.845358276367187500e+02
9.055075683593750000e+02
7.774372558593750000e+02
6.371245117187500000e+02
5.035656127929687500e+02
3.917047729492187500e+02
3.668065795898437500e+02
4.483776855468750000e+02
5.402368774414062500e+02
5.119745483398437500e+02
4.110791320800781250e+02
3.324765625000000000e+02
2.533229370117187500e+02
1.731875915527343750e+02
1.278726882934570312e+02
1.124527816772460938e+02
1.139094619750976562e+02
1.284202270507812500e+02
1.406508331298828125e+02
1.344325103759765625e+02
1.224070739746093750e+02
1.238440093994140625e+02
1.288761901855468750e+02
1.248345336914062500e+02
1.232887039184570312e+02
1.242001342773437500e+02
1.274816207885742188e+02
1.295443115234375000e+02
1.315229949951171875e+02
