5.008949279785156250e+00
5.026878356933593750e+00
5.044792175292968750e+00
5.062721252441406250e+00
5.080627441406250000e+00
5.098548889160156250e+00
5.116470336914062500e+00
5.134384155273437500e+00
5.152305603027343750e+00
5.170219421386718750e+00
5.188133239746093750e+00
5.206047058105468750e+00
5.223968505859375000e+00
5.241882324218750000e+00
5.259788513183593750e+00
5.277702331542968750e+00
5.295623779296875000e+00
5.313529968261718750e+00
5.331443786621093750e+00
5.349349975585937500e+00
5.367271423339843750e+00
5.385177612304687500e+00
5.403076171875000000e+00
5.420989990234375000e+00
5.438896179199218750e+00
5.456802368164062500e+00
5.474716186523437500e+00
5.492622375488281250e+00
5.510528564453125000e+00
5.528434753417968750e+00
5.546340942382812500e+00
5.564247131347656250e+00
5.582145690917968750e+00
5.600051879882812500e+00
5.617958068847656250e+00
5.635864257812500000e+00
5.653762817382812500e+00
5.671661376953125000e+00
5.689567565917968750e+00
5.707466125488281250e+00
5.725364685058593750e+00
5.743263244628906250e+00
5.761161804199218750e+00
5.779060363769531250e+00
5.796958923339843750e+00
5.814857482910156250e+00
5.832756042480468750e+00
5.850646972656250000e+00
5.868545532226562500e+00
5.886436462402343750e+00
5.904335021972656250e+00
5.922218322753906250e+00
5.940116882324218750e+00
5.958007812500000000e+00
5.975898742675781250e+00
5.993789672851562500e+00
6.011688232421875000e+00
6.029579162597656250e+00
6.047470092773437500e+00
6.065353393554687500e+00
6.083244323730468750e+00
6.101135253906250000e+00
6.119010925292968750e+00
6.136901855468750000e+00
6.154792785644531250e+00
6.172668457031250000e+00
6.190559387207031250e+00
6.208442687988281250e+00
6.226325988769531250e+00
6.244209289550781250e+00
6.262092590332031250e+00
6.279975891113281250e+00
6.297851562500000000e+00
6.315734863281250000e+00
6.333610534667968750e+00
6.351493835449218750e+00
6.369377136230468750e+00
6.387245178222656250e+00
6.405120849609375000e+00
6.423004150390625000e+00
6.440879821777343750e+00
6.458755493164062500e+00
6.476631164550781250e+00
6.494506835937500000e+00
6.512374877929687500e+00
6.530250549316406250e+00
6.548118591308593750e+00
6.565986633300781250e+00
6.583862304687500000e+00
6.601737976074218750e+00
6.619606018066406250e+00
6.637474060058593750e+00
6.655342102050781250e+00
6.673210144042968750e+00
6.691078186035156250e+00
6.708946228027343750e+00
6.726806640625000000e+00
6.744674682617187500e+00
6.762535095214843750e+00
6.780403137207031250e+00
6.798263549804687500e+00
6.816123962402343750e+00
6.833992004394531250e+00
6.851852416992187500e+00
6.869705200195312500e+00
6.887573242187500000e+00
6.905433654785156250e+00
6.923286437988281250e+00
6.941139221191406250e+00
6.959007263183593750e+00
6.976860046386718750e+00
6.994712829589843750e+00
7.012565612792968750e+00
7.030418395996093750e+00
7.048271179199218750e+00
7.066131591796875000e+00
7.083984375000000000e+00
7.101837158203125000e+00
7.119682312011718750e+00
7.137535095214843750e+00
7.155387878417968750e+00
7.173233032226562500e+00
7.191078186035156250e+00
7.208930969238281250e+00
7.226776123046875000e+00
7.244628906250000000e+00
7.262466430664062500e+00
7.280311584472656250e+00
7.298156738281250000e+00
7.315994262695312500e+00
7.333839416503906250e+00
7.351684570312500000e+00
7.369522094726562500e+00
7.387367248535156250e+00
7.405204772949218750e+00
